0 1 9 10 81 82 90 91 0
1 2 10 11 82 83 91 92 0
2 3 11 12 83 84 92 93 0
3 4 12 13 84 85 93 94 0
4 5 13 14 85 86 94 95 0
5 6 14 15 86 87 95 96 0
6 7 15 16 87 88 96 97 0
7 8 16 17 88 89 97 98 0
9 10 18 19 90 91 99 100 0
10 11 19 20 91 92 100 101 0
11 12 20 21 92 93 101 102 0
12 13 21 22 93 94 102 103 0
13 14 22 23 94 95 103 104 0
14 15 23 24 95 96 104 105 0
15 16 24 25 96 97 105 106 0
16 17 25 26 97 98 106 107 0
18 19 27 28 99 100 108 109 0
19 20 28 29 100 101 109 110 0
20 21 29 30 101 102 110 111 0
21 22 30 31 102 103 111 112 0
22 23 31 32 103 104 112 113 0
23 24 32 33 104 105 113 114 0
24 25 33 34 105 106 114 115 0
25 26 34 35 106 107 115 116 0
27 28 36 37 108 109 117 118 0
28 29 37 38 109 110 118 119 0
29 30 38 39 110 111 119 120 0
30 31 39 40 111 112 120 121 0
31 32 40 41 112 113 121 122 0
32 33 41 42 113 114 122 123 0
33 34 42 43 114 115 123 124 0
34 35 43 44 115 116 124 125 0
36 37 45 46 117 118 126 127 0
37 38 46 47 118 119 127 128 0
38 39 47 48 119 120 128 129 0
39 40 48 49 120 121 129 130 0
40 41 49 50 121 122 130 131 0
41 42 50 51 122 123 131 132 0
42 43 51 52 123 124 132 133 0
43 44 52 53 124 125 133 134 0
45 46 54 55 126 127 135 136 0
46 47 55 56 127 128 136 137 0
47 48 56 57 128 129 137 138 0
48 49 57 58 129 130 138 139 0
49 50 58 59 130 131 139 140 0
50 51 59 60 131 132 140 141 0
51 52 60 61 132 133 141 142 0
52 53 61 62 133 134 142 143 0
54 55 63 64 135 136 144 145 0
55 56 64 65 136 137 145 146 0
56 57 65 66 137 138 146 147 0
57 58 66 67 138 139 147 148 0
58 59 67 68 139 140 148 149 0
59 60 68 69 140 141 149 150 0
60 61 69 70 141 142 150 151 0
61 62 70 71 142 143 151 152 0
63 64 72 73 144 145 153 154 0
64 65 73 74 145 146 154 155 0
65 66 74 75 146 147 155 156 0
66 67 75 76 147 148 156 157 0
67 68 76 77 148 149 157 158 0
68 69 77 78 149 150 158 159 0
69 70 78 79 150 151 159 160 0
70 71 79 80 151 152 160 161 0
81 82 90 91 162 163 171 172 0
82 83 91 92 163 164 172 173 0
83 84 92 93 164 165 173 174 0
84 85 93 94 165 166 174 175 0
85 86 94 95 166 167 175 176 0
86 87 95 96 167 168 176 177 0
87 88 96 97 168 169 177 178 0
88 89 97 98 169 170 178 179 0
90 91 99 100 171 172 180 181 0
91 92 100 101 172 173 181 182 0
92 93 101 102 173 174 182 183 0
93 94 102 103 174 175 183 184 0
94 95 103 104 175 176 184 185 0
95 96 104 105 176 177 185 186 0
96 97 105 106 177 178 186 187 0
97 98 106 107 178 179 187 188 0
99 100 108 109 180 181 189 190 0
100 101 109 110 181 182 190 191 0
101 102 110 111 182 183 191 192 0
102 103 111 112 183 184 192 193 0
103 104 112 113 184 185 193 194 0
104 105 113 114 185 186 194 195 0
105 106 114 115 186 187 195 196 0
106 107 115 116 187 188 196 197 0
108 109 117 118 189 190 198 199 0
109 110 118 119 190 191 199 200 0
110 111 119 120 191 192 200 201 0
111 112 120 121 192 193 201 202 0
112 113 121 122 193 194 202 203 0
113 114 122 123 194 195 203 204 0
114 115 123 124 195 196 204 205 0
115 116 124 125 196 197 205 206 0
117 118 126 127 198 199 207 208 0
118 119 127 128 199 200 208 209 0
119 120 128 129 200 201 209 210 0
120 121 129 130 201 202 210 211 0
121 122 130 131 202 203 211 212 0
122 123 131 132 203 204 212 213 0
123 124 132 133 204 205 213 214 0
124 125 133 134 205 206 214 215 0
126 127 135 136 207 208 216 217 0
127 128 136 137 208 209 217 218 0
128 129 137 138 209 210 218 219 0
129 130 138 139 210 211 219 220 0
130 131 139 140 211 212 220 221 0
131 132 140 141 212 213 221 222 0
132 133 141 142 213 214 222 223 0
133 134 142 143 214 215 223 224 0
135 136 144 145 216 217 225 226 0
136 137 145 146 217 218 226 227 0
137 138 146 147 218 219 227 228 0
138 139 147 148 219 220 228 229 0
139 140 148 149 220 221 229 230 0
140 141 149 150 221 222 230 231 0
141 142 150 151 222 223 231 232 0
142 143 151 152 223 224 232 233 0
144 145 153 154 225 226 234 235 0
145 146 154 155 226 227 235 236 0
146 147 155 156 227 228 236 237 0
147 148 156 157 228 229 237 238 0
148 149 157 158 229 230 238 239 0
149 150 158 159 230 231 239 240 0
150 151 159 160 231 232 240 241 0
151 152 160 161 232 233 241 242 0
162 163 171 172 243 244 252 253 0
163 164 172 173 244 245 253 254 0
164 165 173 174 245 246 254 255 0
165 166 174 175 246 247 255 256 0
166 167 175 176 247 248 256 257 0
167 168 176 177 248 249 257 258 0
168 169 177 178 249 250 258 259 0
169 170 178 179 250 251 259 260 0
171 172 180 181 252 253 261 262 0
172 173 181 182 253 254 262 263 0
173 174 182 183 254 255 263 264 0
174 175 183 184 255 256 264 265 0
175 176 184 185 256 257 265 266 0
176 177 185 186 257 258 266 267 0
177 178 186 187 258 259 267 268 0
178 179 187 188 259 260 268 269 0
180 181 189 190 261 262 270 271 0
181 182 190 191 262 263 271 272 0
182 183 191 192 263 264 272 273 0
183 184 192 193 264 265 273 274 0
184 185 193 194 265 266 274 275 0
185 186 194 195 266 267 275 276 0
186 187 195 196 267 268 276 277 0
187 188 196 197 268 269 277 278 0
189 190 198 199 270 271 279 280 0
190 191 199 200 271 272 280 281 0
191 192 200 201 272 273 281 282 0
192 193 201 202 273 274 282 283 0
193 194 202 203 274 275 283 284 0
194 195 203 204 275 276 284 285 0
195 196 204 205 276 277 285 286 0
196 197 205 206 277 278 286 287 0
198 199 207 208 279 280 288 289 0
199 200 208 209 280 281 289 290 0
200 201 209 210 281 282 290 291 0
201 202 210 211 282 283 291 292 0
202 203 211 212 283 284 292 293 0
203 204 212 213 284 285 293 294 0
204 205 213 214 285 286 294 295 0
205 206 214 215 286 287 295 296 0
207 208 216 217 288 289 297 298 0
208 209 217 218 289 290 298 299 0
209 210 218 219 290 291 299 300 0
210 211 219 220 291 292 300 301 0
211 212 220 221 292 293 301 302 0
212 213 221 222 293 294 302 303 0
213 214 222 223 294 295 303 304 0
214 215 223 224 295 296 304 305 0
216 217 225 226 297 298 306 307 0
217 218 226 227 298 299 307 308 0
218 219 227 228 299 300 308 309 0
219 220 228 229 300 301 309 310 0
220 221 229 230 301 302 310 311 0
221 222 230 231 302 303 311 312 0
222 223 231 232 303 304 312 313 0
223 224 232 233 304 305 313 314 0
225 226 234 235 306 307 315 316 0
226 227 235 236 307 308 316 317 0
227 228 236 237 308 309 317 318 0
228 229 237 238 309 310 318 319 0
229 230 238 239 310 311 319 320 0
230 231 239 240 311 312 320 321 0
231 232 240 241 312 313 321 322 0
232 233 241 242 313 314 322 323 0
243 244 252 253 324 325 333 334 0
244 245 253 254 325 326 334 335 0
245 246 254 255 326 327 335 336 0
246 247 255 256 327 328 336 337 0
247 248 256 257 328 329 337 338 0
248 249 257 258 329 330 338 339 0
249 250 258 259 330 331 339 340 0
250 251 259 260 331 332 340 341 0
252 253 261 262 333 334 342 343 0
253 254 262 263 334 335 343 344 0
254 255 263 264 335 336 344 345 0
255 256 264 265 336 337 345 346 0
256 257 265 266 337 338 346 347 0
257 258 266 267 338 339 347 348 0
258 259 267 268 339 340 348 349 0
259 260 268 269 340 341 349 350 0
261 262 270 271 342 343 351 352 0
262 263 271 272 343 344 352 353 0
263 264 272 273 344 345 353 354 0
264 265 273 274 345 346 354 355 0
265 266 274 275 346 347 355 356 0
266 267 275 276 347 348 356 357 0
267 268 276 277 348 349 357 358 0
268 269 277 278 349 350 358 359 0
270 271 279 280 351 352 360 361 0
271 272 280 281 352 353 361 362 0
272 273 281 282 353 354 362 363 0
273 274 282 283 354 355 363 364 0
274 275 283 284 355 356 364 365 0
275 276 284 285 356 357 365 366 0
276 277 285 286 357 358 366 367 0
277 278 286 287 358 359 367 368 0
279 280 288 289 360 361 369 370 0
280 281 289 290 361 362 370 371 0
281 282 290 291 362 363 371 372 0
282 283 291 292 363 364 372 373 0
283 284 292 293 364 365 373 374 0
284 285 293 294 365 366 374 375 0
285 286 294 295 366 367 375 376 0
286 287 295 296 367 368 376 377 0
288 289 297 298 369 370 378 379 0
289 290 298 299 370 371 379 380 0
290 291 299 300 371 372 380 381 0
291 292 300 301 372 373 381 382 0
292 293 301 302 373 374 382 383 0
293 294 302 303 374 375 383 384 0
294 295 303 304 375 376 384 385 0
295 296 304 305 376 377 385 386 0
297 298 306 307 378 379 387 388 0
298 299 307 308 379 380 388 389 0
299 300 308 309 380 381 389 390 0
300 301 309 310 381 382 390 391 0
301 302 310 311 382 383 391 392 0
302 303 311 312 383 384 392 393 0
303 304 312 313 384 385 393 394 0
304 305 313 314 385 386 394 395 0
306 307 315 316 387 388 396 397 0
307 308 316 317 388 389 397 398 0
308 309 317 318 389 390 398 399 0
309 310 318 319 390 391 399 400 0
310 311 319 320 391 392 400 401 0
311 312 320 321 392 393 401 402 0
312 313 321 322 393 394 402 403 0
313 314 322 323 394 395 403 404 0
324 325 333 334 405 406 414 415 0
325 326 334 335 406 407 415 416 0
326 327 335 336 407 408 416 417 0
327 328 336 337 408 409 417 418 0
328 329 337 338 409 410 418 419 0
329 330 338 339 410 411 419 420 0
330 331 339 340 411 412 420 421 0
331 332 340 341 412 413 421 422 0
333 334 342 343 414 415 423 424 0
334 335 343 344 415 416 424 425 0
335 336 344 345 416 417 425 426 0
336 337 345 346 417 418 426 427 0
337 338 346 347 418 419 427 428 0
338 339 347 348 419 420 428 429 0
339 340 348 349 420 421 429 430 0
340 341 349 350 421 422 430 431 0
342 343 351 352 423 424 432 433 0
343 344 352 353 424 425 433 434 0
344 345 353 354 425 426 434 435 0
345 346 354 355 426 427 435 436 0
346 347 355 356 427 428 436 437 0
347 348 356 357 428 429 437 438 0
348 349 357 358 429 430 438 439 0
349 350 358 359 430 431 439 440 0
351 352 360 361 432 433 441 442 0
352 353 361 362 433 434 442 443 0
353 354 362 363 434 435 443 444 0
354 355 363 364 435 436 444 445 0
355 356 364 365 436 437 445 446 0
356 357 365 366 437 438 446 447 0
357 358 366 367 438 439 447 448 0
358 359 367 368 439 440 448 449 0
360 361 369 370 441 442 450 451 0
361 362 370 371 442 443 451 452 0
362 363 371 372 443 444 452 453 0
363 364 372 373 444 445 453 454 0
364 365 373 374 445 446 454 455 0
365 366 374 375 446 447 455 456 0
366 367 375 376 447 448 456 457 0
367 368 376 377 448 449 457 458 0
369 370 378 379 450 451 459 460 0
370 371 379 380 451 452 460 461 0
371 372 380 381 452 453 461 462 0
372 373 381 382 453 454 462 463 0
373 374 382 383 454 455 463 464 0
374 375 383 384 455 456 464 465 0
375 376 384 385 456 457 465 466 0
376 377 385 386 457 458 466 467 0
378 379 387 388 459 460 468 469 0
379 380 388 389 460 461 469 470 0
380 381 389 390 461 462 470 471 0
381 382 390 391 462 463 471 472 0
382 383 391 392 463 464 472 473 0
383 384 392 393 464 465 473 474 0
384 385 393 394 465 466 474 475 0
385 386 394 395 466 467 475 476 0
387 388 396 397 468 469 477 478 0
388 389 397 398 469 470 478 479 0
389 390 398 399 470 471 479 480 0
390 391 399 400 471 472 480 481 0
391 392 400 401 472 473 481 482 0
392 393 401 402 473 474 482 483 0
393 394 402 403 474 475 483 484 0
394 395 403 404 475 476 484 485 0
405 406 414 415 486 487 495 496 0
406 407 415 416 487 488 496 497 0
407 408 416 417 488 489 497 498 0
408 409 417 418 489 490 498 499 0
409 410 418 419 490 491 499 500 0
410 411 419 420 491 492 500 501 0
411 412 420 421 492 493 501 502 0
412 413 421 422 493 494 502 503 0
414 415 423 424 495 496 504 505 0
415 416 424 425 496 497 505 506 0
416 417 425 426 497 498 506 507 0
417 418 426 427 498 499 507 508 0
418 419 427 428 499 500 508 509 0
419 420 428 429 500 501 509 510 0
420 421 429 430 501 502 510 511 0
421 422 430 431 502 503 511 512 0
423 424 432 433 504 505 513 514 0
424 425 433 434 505 506 514 515 0
425 426 434 435 506 507 515 516 0
426 427 435 436 507 508 516 517 0
427 428 436 437 508 509 517 518 0
428 429 437 438 509 510 518 519 0
429 430 438 439 510 511 519 520 0
430 431 439 440 511 512 520 521 0
432 433 441 442 513 514 522 523 0
433 434 442 443 514 515 523 524 0
434 435 443 444 515 516 524 525 0
435 436 444 445 516 517 525 526 0
436 437 445 446 517 518 526 527 0
437 438 446 447 518 519 527 528 0
438 439 447 448 519 520 528 529 0
439 440 448 449 520 521 529 530 0
441 442 450 451 522 523 531 532 0
442 443 451 452 523 524 532 533 0
443 444 452 453 524 525 533 534 0
444 445 453 454 525 526 534 535 0
445 446 454 455 526 527 535 536 0
446 447 455 456 527 528 536 537 0
447 448 456 457 528 529 537 538 0
448 449 457 458 529 530 538 539 0
450 451 459 460 531 532 540 541 0
451 452 460 461 532 533 541 542 0
452 453 461 462 533 534 542 543 0
453 454 462 463 534 535 543 544 0
454 455 463 464 535 536 544 545 0
455 456 464 465 536 537 545 546 0
456 457 465 466 537 538 546 547 0
457 458 466 467 538 539 547 548 0
459 460 468 469 540 541 549 550 0
460 461 469 470 541 542 550 551 0
461 462 470 471 542 543 551 552 0
462 463 471 472 543 544 552 553 0
463 464 472 473 544 545 553 554 0
464 465 473 474 545 546 554 555 0
465 466 474 475 546 547 555 556 0
466 467 475 476 547 548 556 557 0
468 469 477 478 549 550 558 559 0
469 470 478 479 550 551 559 560 0
470 471 479 480 551 552 560 561 0
471 472 480 481 552 553 561 562 0
472 473 481 482 553 554 562 563 0
473 474 482 483 554 555 563 564 0
474 475 483 484 555 556 564 565 0
475 476 484 485 556 557 565 566 0
486 487 495 496 567 568 576 577 0
487 488 496 497 568 569 577 578 0
488 489 497 498 569 570 578 579 0
489 490 498 499 570 571 579 580 0
490 491 499 500 571 572 580 581 0
491 492 500 501 572 573 581 582 0
492 493 501 502 573 574 582 583 0
493 494 502 503 574 575 583 584 0
495 496 504 505 576 577 585 586 0
496 497 505 506 577 578 586 587 0
497 498 506 507 578 579 587 588 0
498 499 507 508 579 580 588 589 0
499 500 508 509 580 581 589 590 0
500 501 509 510 581 582 590 591 0
501 502 510 511 582 583 591 592 0
502 503 511 512 583 584 592 593 0
504 505 513 514 585 586 594 595 0
505 506 514 515 586 587 595 596 0
506 507 515 516 587 588 596 597 0
507 508 516 517 588 589 597 598 0
508 509 517 518 589 590 598 599 0
509 510 518 519 590 591 599 600 0
510 511 519 520 591 592 600 601 0
511 512 520 521 592 593 601 602 0
513 514 522 523 594 595 603 604 0
514 515 523 524 595 596 604 605 0
515 516 524 525 596 597 605 606 0
516 517 525 526 597 598 606 607 0
517 518 526 527 598 599 607 608 0
518 519 527 528 599 600 608 609 0
519 520 528 529 600 601 609 610 0
520 521 529 530 601 602 610 611 0
522 523 531 532 603 604 612 613 0
523 524 532 533 604 605 613 614 0
524 525 533 534 605 606 614 615 0
525 526 534 535 606 607 615 616 0
526 527 535 536 607 608 616 617 0
527 528 536 537 608 609 617 618 0
528 529 537 538 609 610 618 619 0
529 530 538 539 610 611 619 620 0
531 532 540 541 612 613 621 622 0
532 533 541 542 613 614 622 623 0
533 534 542 543 614 615 623 624 0
534 535 543 544 615 616 624 625 0
535 536 544 545 616 617 625 626 0
536 537 545 546 617 618 626 627 0
537 538 546 547 618 619 627 628 0
538 539 547 548 619 620 628 629 0
540 541 549 550 621 622 630 631 0
541 542 550 551 622 623 631 632 0
542 543 551 552 623 624 632 633 0
543 544 552 553 624 625 633 634 0
544 545 553 554 625 626 634 635 0
545 546 554 555 626 627 635 636 0
546 547 555 556 627 628 636 637 0
547 548 556 557 628 629 637 638 0
549 550 558 559 630 631 639 640 0
550 551 559 560 631 632 640 641 0
551 552 560 561 632 633 641 642 0
552 553 561 562 633 634 642 643 0
553 554 562 563 634 635 643 644 0
554 555 563 564 635 636 644 645 0
555 556 564 565 636 637 645 646 0
556 557 565 566 637 638 646 647 0
567 568 576 577 648 649 657 658 0
568 569 577 578 649 650 658 659 0
569 570 578 579 650 651 659 660 0
570 571 579 580 651 652 660 661 0
571 572 580 581 652 653 661 662 0
572 573 581 582 653 654 662 663 0
573 574 582 583 654 655 663 664 0
574 575 583 584 655 656 664 665 0
576 577 585 586 657 658 666 667 0
577 578 586 587 658 659 667 668 0
578 579 587 588 659 660 668 669 0
579 580 588 589 660 661 669 670 0
580 581 589 590 661 662 670 671 0
581 582 590 591 662 663 671 672 0
582 583 591 592 663 664 672 673 0
583 584 592 593 664 665 673 674 0
585 586 594 595 666 667 675 676 0
586 587 595 596 667 668 676 677 0
587 588 596 597 668 669 677 678 0
588 589 597 598 669 670 678 679 0
589 590 598 599 670 671 679 680 0
590 591 599 600 671 672 680 681 0
591 592 600 601 672 673 681 682 0
592 593 601 602 673 674 682 683 0
594 595 603 604 675 676 684 685 0
595 596 604 605 676 677 685 686 0
596 597 605 606 677 678 686 687 0
597 598 606 607 678 679 687 688 0
598 599 607 608 679 680 688 689 0
599 600 608 609 680 681 689 690 0
600 601 609 610 681 682 690 691 0
601 602 610 611 682 683 691 692 0
603 604 612 613 684 685 693 694 0
604 605 613 614 685 686 694 695 0
605 606 614 615 686 687 695 696 0
606 607 615 616 687 688 696 697 0
607 608 616 617 688 689 697 698 0
608 609 617 618 689 690 698 699 0
609 610 618 619 690 691 699 700 0
610 611 619 620 691 692 700 701 0
612 613 621 622 693 694 702 703 0
613 614 622 623 694 695 703 704 0
614 615 623 624 695 696 704 705 0
615 616 624 625 696 697 705 706 0
616 617 625 626 697 698 706 707 0
617 618 626 627 698 699 707 708 0
618 619 627 628 699 700 708 709 0
619 620 628 629 700 701 709 710 0
621 622 630 631 702 703 711 712 0
622 623 631 632 703 704 712 713 0
623 624 632 633 704 705 713 714 0
624 625 633 634 705 706 714 715 0
625 626 634 635 706 707 715 716 0
626 627 635 636 707 708 716 717 0
627 628 636 637 708 709 717 718 0
628 629 637 638 709 710 718 719 0
630 631 639 640 711 712 720 721 0
631 632 640 641 712 713 721 722 0
632 633 641 642 713 714 722 723 0
633 634 642 643 714 715 723 724 0
634 635 643 644 715 716 724 725 0
635 636 644 645 716 717 725 726 0
636 637 645 646 717 718 726 727 0
637 638 646 647 718 719 727 728 0
